Netsize: 26, process: 20, system: cl112, tick=1.000000e-06
xa=0.000000e+00 xb=1.000000e+00 ua=1.000000e+00 ub=2.000000e+00 nx=10000 lp=0
i1=7697 i2=8080 nc=384
t1=7.105000e-03 t2=6.786000e-03 dmax=1.213362e-09
