Netsize: 26, process: 6, system: cl104, tick=1.000000e-06
xa=0.000000e+00 xb=1.000000e+00 ua=1.000000e+00 ub=2.000000e+00 nx=10000 lp=0
i1=2310 i2=2694 nc=385
t1=6.901000e-03 t2=6.789000e-03 dmax=1.213362e-09
