Netsize: 26, process: 1, system: cl101, tick=1.000000e-06
xa=0.000000e+00 xb=1.000000e+00 ua=1.000000e+00 ub=2.000000e+00 nx=10000 lp=0
i1=385 i2=769 nc=385
t1=1.414200e-02 t2=1.404200e-02 dmax=1.213362e-09
