Netsize: 28, process: 26, system: imm10, tick=1.000000e-06
xa=0.000000e+00 xb=1.000000e+00 ua=1.000000e+00 ub=2.000000e+00 nx=10000 lp=0
i1=9287 i2=9643 nc=357
t1=2.198900e-02 t2=2.185400e-02 dmax=1.237362e-09
