Netsize: 26, process: 10, system: cl106, tick=1.000000e-06
xa=0.000000e+00 xb=1.000000e+00 ua=1.000000e+00 ub=2.000000e+00 nx=10000 lp=0
i1=3850 i2=4234 nc=385
t1=7.019000e-03 t2=6.919000e-03 dmax=1.213362e-09
