Netsize: 26, process: 22, system: cl100, tick=1.000000e-06
xa=0.000000e+00 xb=1.000000e+00 ua=1.000000e+00 ub=2.000000e+00 nx=10000 lp=0
i1=8465 i2=8848 nc=384
t1=1.287700e-02 t2=1.279500e-02 dmax=1.213362e-09
