Netsize: 26, process: 18, system: cl111, tick=1.000000e-06
xa=0.000000e+00 xb=1.000000e+00 ua=1.000000e+00 ub=2.000000e+00 nx=10000 lp=0
i1=6929 i2=7312 nc=384
t1=2.041300e-02 t2=1.948000e-02 dmax=1.213362e-09
