Netsize: 26, process: 3, system: cl102, tick=1.000000e-06
xa=0.000000e+00 xb=1.000000e+00 ua=1.000000e+00 ub=2.000000e+00 nx=10000 lp=0
i1=1155 i2=1539 nc=385
t1=7.229000e-03 t2=7.129000e-03 dmax=1.213362e-09
