Netsize: 26, process: 7, system: cl104, tick=1.000000e-06
xa=0.000000e+00 xb=1.000000e+00 ua=1.000000e+00 ub=2.000000e+00 nx=10000 lp=0
i1=2695 i2=3079 nc=385
t1=6.867000e-03 t2=6.732000e-03 dmax=1.213362e-09
