Netsize: 28, process: 27, system: imm10, tick=1.000000e-06
xa=0.000000e+00 xb=1.000000e+00 ua=1.000000e+00 ub=2.000000e+00 nx=10000 lp=0
i1=9644 i2=10000 nc=357
t1=1.064800e-02 t2=1.049900e-02 dmax=1.237362e-09
