Netsize: 26, process: 23, system: cl100, tick=1.000000e-06
xa=0.000000e+00 xb=1.000000e+00 ua=1.000000e+00 ub=2.000000e+00 nx=10000 lp=0
i1=8849 i2=9232 nc=384
t1=6.450000e-03 t2=6.372000e-03 dmax=1.213362e-09
