Netsize: 26, process: 14, system: cl108, tick=1.000000e-06
xa=0.000000e+00 xb=1.000000e+00 ua=1.000000e+00 ub=2.000000e+00 nx=10000 lp=0
i1=5390 i2=5774 nc=385
t1=6.828000e-03 t2=6.704000e-03 dmax=1.213362e-09
