Netsize: 26, process: 25, system: cl100, tick=1.000000e-06
xa=0.000000e+00 xb=1.000000e+00 ua=1.000000e+00 ub=2.000000e+00 nx=10000 lp=0
i1=9617 i2=10000 nc=384
t1=5.630000e-04 t2=4.910000e-04 dmax=1.213362e-09
