Netsize: 26, process: 8, system: cl105, tick=1.000000e-06
xa=0.000000e+00 xb=1.000000e+00 ua=1.000000e+00 ub=2.000000e+00 nx=10000 lp=0
i1=3080 i2=3464 nc=385
t1=3.793900e-02 t2=3.715600e-02 dmax=1.213362e-09
