Netsize: 26, process: 24, system: cl100, tick=1.000000e-06
xa=0.000000e+00 xb=1.000000e+00 ua=1.000000e+00 ub=2.000000e+00 nx=10000 lp=0
i1=9233 i2=9616 nc=384
t1=6.977000e-03 t2=6.890000e-03 dmax=1.213362e-09
