Netsize: 1, process: 0, system: cl100, tick=1.000000e-06
xa=0.000000e+00 xb=1.000000e+00 xk=2.500000e-01 x0=7.500000e-01 r0=1.000000e-01
q0=1.000000e+02 u0=1.000000e+00 u1=2.000000e+00 k1=1.000000e+00 k2=1.000000e+01
tau0=1.000000e-02 tau1=1.000000e-02 tmax=2.000000e+00 epst=1.000000e-07
nx=100 ntp=50000 ntm=1000000 lp=0
u10=1.000000e+00 omg0=1.000000e+02 omg1=1.000000e+02
hx=1.000000e-02 tau=5.000000e-06 ntm=399999
i1=0 i2=100 nc=101
ntv=100000 tv=5.000000e-01 gt=1.763034e-08 time=3.633100e-01
